ncols         10
nrows         15
xllcorner     358275
yllcorner     535275
cellsize      5000
NODATA_value  -9999
318 309 419 360 391 355 261 208 159 161
340 426 441 417 288 272 293 249 161 203
304 314 386 334 329 246 212 221 310 247
390 268 254 283 233 290 206 253 268 215
401 317 259 207 168 218 193 258 226 159
371 396 337 263 230 161 198 234 206 177
274 304 270 275 250 201 127 143 157 194
206 226 219 258 262 216 156 127 191 154
129 191 185 188 162 154 132 95 91 122
203 234 201 281 235 268 257 165 143 94
367 454 311 427 306 304 325 259 260 232
393 478 349 442 395 402 434 359 313 251
255 497 453 393 509 517 514 451 414 360
156 430 472 469 583 484 448 379 322 370
125 274 666 615 595 555 520 473 374 285
