ncols         10
nrows         15
xllcorner     358275
yllcorner     535275
cellsize      5000
NODATA_value  -9999
-9999 2 11 7 7 7 7 4 4 -9999
-9999 11 11 2 2 7 10 7 4 -9999
7 2 11 11 2 10 4 4 2 -9999
2 2 2 2 2 10 4 7 2 -9999
2 2 2 2 4 4 4 7 4 -9999
2 2 2 2 2 4 4 4 4 -9999
7 2 2 2 2 4 4 4 4 4
4 2 7 2 7 4 4 4 4 4
4 4 4 4 4 4 4 4 3 3
4 7 4 10 4 4 4 4 4 4
7 9 7 11 4 4 9 4 4 4
9 9 7 11 7 11 9 9 9 4
4 7 7 7 11 11 9 9 9 9
4 7 11 11 11 -9999 -9999 -9999 -9999 -9999
-9999 4 11 11 11 -9999 -9999 -9999 -9999 -9999
