ncols         10
nrows         15
xllcorner     358275
yllcorner     535275
cellsize      5000
NODATA_value  -9999
186 206 238 220 217 254 170 121 96 83
183 266 246 239 184 173 204 115 85 74
158 190 237 199 227 156 145 118 140 156
263 185 184 141 139 180 137 144 197 159
273 197 186 122 111 107 110 137 147 97
176 284 261 160 159 84 83 177 161 136
130 261 223 216 161 93 67 62 78 128
100 149 179 192 190 113 60 47 74 120
43 101 108 85 76 57 38 28 19 22
85 157 118 133 96 151 183 62 32 13
168 280 162 286 164 173 185 136 170 123
177 270 196 248 235 256 318 240 218 149
139 216 281 259 353 344 386 319 272 245
70 162 320 310 379 338 276 223 186 185
74 138 279 487 432 388 287 258 188 148
